Scenario 1:
[0, 0, 0, 0, 0, 0, 1, 0, 0, 0, 0, 0, 0, 0, 0, 0, 0, 0, 0, 0, 0, 0, 0, 0, 0, 0, 0, 0, 0, 0, 0, 0, 0, 0, 0, 0]
10.0
{"fireEngineA": {"0": [0, 0, 0, 0, 0], "1": [0, 1]}, "fireEngineB": {"0": [0, 0], "1": [0]}, 
"fireFastResponse": {"0": [0, 0, 0, 0, 0], "1": [0, 0, 0]}, "ambulance": {"0": [0, 0], "1": [0, 0]}, 
"medicalFastResponse": {"0": [0, 0], "1": [0, 0]}, "policePatrolCar": {"0": [0, 0, 0], "1": [0, 0, 0]}, 
"trafficPoliceBike": {"0": [0, 0], "1": [0, 0]}}

Scenario 2:
[0, 0, 0, 0, 0, 0, 0, 0, 0, 0, 0, 1, 0, 0, 0, 0, 0, 0, 0, 0, 0, 0, 0, 0, 0, 0, 0, 0, 0, 0, 0, 0, 0, 0, 0, 0]
10.0
{"fireEngineA": {"0": [0, 0, 0, 0, 0], "1": [0, 0]}, "fireEngineB": {"0": [0, 0], "1": [0]}, 
"fireFastResponse": {"0": [0, 1, 0, 0, 0], "1": [0, 0, 0]}, "ambulance": {"0": [0, 0], "1": [0, 0]}, 
"medicalFastResponse": {"0": [0, 0], "1": [0, 0]}, "policePatrolCar": {"0": [0, 0, 0], "1": [0, 0, 0]}, 
"trafficPoliceBike": {"0": [0, 0], "1": [0, 0]}}

Scenario 3:
[1, 0, 0, 0, 0, 0, 0, 0, 0, 0, 0, 0, 0, 0, 0, 0, 0, 0, 0, 0, 0, 0, 0, 0, 0, 0, 1, 0, 0, 0, 0, 0, 0, 0, 0, 0]
20.0
{"fireEngineA": {"0": [1, 0, 0, 0, 0], "1": [0, 0]}, "fireEngineB": {"0": [0, 0], "1": [0]}, 
"fireFastResponse": {"0": [0, 0, 0, 0, 0], "1": [0, 0, 0]}, "ambulance": {"0": [0, 0], "1": [0, 0]}, 
"medicalFastResponse": {"0": [0, 0], "1": [0, 0]}, "policePatrolCar": {"0": [1, 0, 0], "1": [0, 0, 0]}, 
"trafficPoliceBike": {"0": [0, 0], "1": [0, 0]}}

Scenario 4:
[1, 0, 0, 0, 0, 0, 0, 0, 0, 0, 0, 0, 0, 0, 0, 0, 0, 0, 0, 0, 0, 0, 0, 0, 0, 0, 1, 0, 0, 0, 0, 0, 0, 0, 0, 0]
20.0
{"fireEngineA": {"0": [1, 0, 0, 0, 0], "1": [0, 0]}, "fireEngineB": {"0": [0, 0], "1": [0]}, 
"fireFastResponse": {"0": [0, 0, 0, 0, 0], "1": [0, 0, 0]}, "ambulance": {"0": [0, 0], "1": [0, 0]}, 
"medicalFastResponse": {"0": [0, 0], "1": [0, 0]}, "policePatrolCar": {"0": [1, 0, 0], "1": [0, 0, 0]}, 
"trafficPoliceBike": {"0": [0, 0], "1": [0, 0]}}

Scenario 5:
[0, 0, 0, 0, 0, 0, 1, 0, 1, 0, 0, 0, 0, 0, 0, 0, 0, 0, 0, 0, 0, 0, 0, 0, 0, 0, 0, 0, 0, 0, 0, 0, 0, 0, 0, 1]
30.0
{"fireEngineA": {"0": [0, 0, 0, 0, 0], "1": [0, 1]}, "fireEngineB": {"0": [0, 1], "1": [0]}, 
"fireFastResponse": {"0": [0, 0, 0, 0, 0], "1": [0, 0, 0]}, "ambulance": {"0": [0, 0], "1": [0, 0]}, 
"medicalFastResponse": {"0": [0, 0], "1": [0, 0]}, "policePatrolCar": {"0": [0, 0, 0], "1": [0, 0, 0]}, 
"trafficPoliceBike": {"0": [0, 0], "1": [0, 1]}}

Scenario 6:
[0, 0, 0, 0, 0, 0, 1, 0, 1, 0, 0, 0, 0, 0, 0, 0, 0, 0, 0, 0, 0, 0, 0, 0, 0, 0, 0, 0, 0, 0, 0, 0, 0, 0, 0, 1]
30.0
{"fireEngineA": {"0": [0, 0, 0, 0, 0], "1": [0, 1]}, "fireEngineB": {"0": [0, 1], "1": [0]}, 
"fireFastResponse": {"0": [0, 0, 0, 0, 0], "1": [0, 0, 0]}, "ambulance": {"0": [0, 0], "1": [0, 0]}, 
"medicalFastResponse": {"0": [0, 0], "1": [0, 0]}, "policePatrolCar": {"0": [0, 0, 0], "1": [0, 0, 0]}, 
"trafficPoliceBike": {"0": [0, 0], "1": [0, 1]}}

Scenario 7:
[0, 1, 0, 0, 0, 0, 0, 0, 0, 0, 0, 0, 0, 0, 0, 0, 0, 0, 0, 0, 0, 0, 0, 0, 0, 0, 0, 0, 0, 0, 0, 0, 0, 0, 0, 0]
10.0
{"fireEngineA": {"0": [0, 1, 0, 0, 0], "1": [0, 0]}, "fireEngineB": {"0": [0, 0], "1": [0]}, 
"fireFastResponse": {"0": [0, 0, 0, 0, 0], "1": [0, 0, 0]}, "ambulance": {"0": [0, 0], "1": [0, 0]}, 
"medicalFastResponse": {"0": [0, 0], "1": [0, 0]}, "policePatrolCar": {"0": [0, 0, 0], "1": [0, 0, 0]}, 
"trafficPoliceBike": {"0": [0, 0], "1": [0, 0]}}

Scenario 8:
[0, 0, 0, 0, 0, 1, 0, 0, 0, 0, 0, 0, 0, 0, 0, 0, 0, 0, 0, 0, 0, 0, 0, 0, 0, 0, 0, 0, 0, 0, 0, 0, 0, 0, 0, 0]
10.0
{"fireEngineA": {"0": [0, 0, 0, 0, 0], "1": [1, 0]}, "fireEngineB": {"0": [0, 0], "1": [0]}, 
"fireFastResponse": {"0": [0, 0, 0, 0, 0], "1": [0, 0, 0]}, "ambulance": {"0": [0, 0], "1": [0, 0]}, 
"medicalFastResponse": {"0": [0, 0], "1": [0, 0]}, "policePatrolCar": {"0": [0, 0, 0], "1": [0, 0, 0]}, 
"trafficPoliceBike": {"0": [0, 0], "1": [0, 0]}}

Scenario 9:
[0, 0, 0, 0, 0, 0, 0, 0, 0, 0, 0, 0, 0, 0, 1, 0, 0, 0, 0, 0, 0, 0, 0, 0, 0, 0, 1, 0, 0, 0, 0, 0, 0, 0, 0, 0]
20.0
{"fireEngineA": {"0": [0, 0, 0, 0, 0], "1": [0, 0]}, "fireEngineB": {"0": [0, 0], "1": [0]}, 
"fireFastResponse": {"0": [0, 0, 0, 0, 1], "1": [0, 0, 0]}, "ambulance": {"0": [0, 0], "1": [0, 0]}, 
"medicalFastResponse": {"0": [0, 0], "1": [0, 0]}, "policePatrolCar": {"0": [1, 0, 0], "1": [0, 0, 0]}, 
"trafficPoliceBike": {"0": [0, 0], "1": [0, 0]}}

Scenario 10:
[0, 0, 0, 0, 0, 0, 0, 0, 0, 0, 0, 0, 0, 0, 0, 0, 0, 0, 0, 0, 0, 0, 0, 0, 0, 0, 1, 0, 0, 0, 0, 0, 0, 0, 1, 0]
20.0
{"fireEngineA": {"0": [0, 0, 0, 0, 0], "1": [0, 0]}, "fireEngineB": {"0": [0, 0], "1": [0]}, 
"fireFastResponse": {"0": [0, 0, 0, 0, 0], "1": [0, 0, 0]}, "ambulance": {"0": [0, 0], "1": [0, 0]}, 
"medicalFastResponse": {"0": [0, 0], "1": [0, 0]}, "policePatrolCar": {"0": [1, 0, 0], "1": [0, 0, 0]}, 
"trafficPoliceBike": {"0": [0, 0], "1": [1, 0]}}

Scenario 11:
[1, 0, 0, 0, 0, 0, 0, 0, 0, 0, 0, 0, 0, 0, 0, 1, 0, 1, 0, 0, 0, 0, 0, 0, 0, 0, 0, 0, 0, 0, 0, 0, 0, 0, 0, 0]
30.0
{"fireEngineA": {"0": [1, 0, 0, 0, 0], "1": [0, 0]}, "fireEngineB": {"0": [0, 0], "1": [0]}, 
"fireFastResponse": {"0": [0, 0, 0, 0, 0], "1": [1, 0, 1]}, "ambulance": {"0": [0, 0], "1": [0, 0]}, 
"medicalFastResponse": {"0": [0, 0], "1": [0, 0]}, "policePatrolCar": {"0": [0, 0, 0], "1": [0, 0, 0]}, 
"trafficPoliceBike": {"0": [0, 0], "1": [0, 0]}}

Scenario 12:
[0, 0, 0, 0, 0, 0, 0, 0, 0, 1, 0, 0, 1, 0, 0, 0, 0, 0, 0, 0, 0, 0, 0, 0, 1, 0, 0, 0, 0, 0, 0, 0, 0, 0, 0, 0]
30.0
{"fireEngineA": {"0": [0, 0, 0, 0, 0], "1": [0, 0]}, "fireEngineB": {"0": [0, 0], "1": [1]}, 
"fireFastResponse": {"0": [0, 0, 1, 0, 0], "1": [0, 0, 0]}, "ambulance": {"0": [0, 0], "1": [0, 0]}, 
"medicalFastResponse": {"0": [0, 0], "1": [1, 0]}, "policePatrolCar": {"0": [0, 0, 0], "1": [0, 0, 0]}, 
"trafficPoliceBike": {"0": [0, 0], "1": [0, 0]}}

Scenario 13:
[0, 0, 0, 0, 0, 1, 0, 0, 0, 0, 0, 0, 0, 0, 0, 0, 0, 0, 0, 0, 0, 0, 0, 0, 0, 0, 0, 0, 0, 0, 0, 0, 0, 0, 0, 0]
10.0
{"fireEngineA": {"0": [0, 0, 0, 0, 0], "1": [1, 0]}, "fireEngineB": {"0": [0, 0], "1": [0]}, 
"fireFastResponse": {"0": [0, 0, 0, 0, 0], "1": [0, 0, 0]}, "ambulance": {"0": [0, 0], "1": [0, 0]}, 
"medicalFastResponse": {"0": [0, 0], "1": [0, 0]}, "policePatrolCar": {"0": [0, 0, 0], "1": [0, 0, 0]}, 
"trafficPoliceBike": {"0": [0, 0], "1": [0, 0]}}

Scenario 14:
[0, 0, 0, 0, 0, 0, 0, 0, 1, 0, 0, 0, 0, 0, 0, 0, 0, 0, 0, 0, 0, 0, 0, 0, 0, 0, 0, 0, 0, 0, 0, 0, 0, 0, 0, 0]
0.0
{"fireEngineA": {"0": [0, 0, 0, 0, 0], "1": [0, 0]}, "fireEngineB": {"0": [0, 1], "1": [0]}, 
"fireFastResponse": {"0": [0, 0, 0, 0, 0], "1": [0, 0, 0]}, "ambulance": {"0": [0, 0], "1": [0, 0]}, 
"medicalFastResponse": {"0": [0, 0], "1": [0, 0]}, "policePatrolCar": {"0": [0, 0, 0], "1": [0, 0, 0]}, 
"trafficPoliceBike": {"0": [0, 0], "1": [0, 0]}}

Scenario 15:
[0, 0, 0, 0, 0, 0, 0, 0, 0, 0, 0, 0, 1, 1, 0, 0, 0, 0, 0, 0, 0, 0, 0, 0, 0, 0, 0, 0, 0, 0, 0, 0, 0, 0, 0, 0]
0.0
{"fireEngineA": {"0": [0, 0, 0, 0, 0], "1": [0, 0]}, "fireEngineB": {"0": [0, 0], "1": [0]}, 
"fireFastResponse": {"0": [0, 0, 1, 1, 0], "1": [0, 0, 0]}, "ambulance": {"0": [0, 0], "1": [0, 0]}, 
"medicalFastResponse": {"0": [0, 0], "1": [0, 0]}, "policePatrolCar": {"0": [0, 0, 0], "1": [0, 0, 0]}, 
"trafficPoliceBike": {"0": [0, 0], "1": [0, 0]}}

Scenario 16:
[0, 0, 0, 0, 0, 0, 0, 0, 0, 0, 0, 0, 0, 0, 0, 0, 0, 0, 0, 0, 0, 0, 0, 0, 0, 1, 0, 0, 0, 0, 0, 0, 1, 0, 0, 0]
20.0
{"fireEngineA": {"0": [0, 0, 0, 0, 0], "1": [0, 0]}, "fireEngineB": {"0": [0, 0], "1": [0]}, 
"fireFastResponse": {"0": [0, 0, 0, 0, 0], "1": [0, 0, 0]}, "ambulance": {"0": [0, 0], "1": [0, 0]}, 
"medicalFastResponse": {"0": [0, 0], "1": [0, 1]}, "policePatrolCar": {"0": [0, 0, 0], "1": [0, 0, 0]}, 
"trafficPoliceBike": {"0": [1, 0], "1": [0, 0]}}

Scenario 17:
[0, 0, 0, 0, 0, 0, 0, 0, 0, 0, 0, 0, 1, 1, 1, 0, 0, 0, 0, 0, 0, 0, 0, 0, 0, 0, 0, 0, 0, 0, 0, 0, 0, 0, 0, 0]
1.5
{"fireEngineA": {"0": [0, 0, 0, 0, 0], "1": [0, 0]}, "fireEngineB": {"0": [0, 0], "1": [0]}, 
"fireFastResponse": {"0": [0, 0, 1, 1, 1], "1": [0, 0, 0]}, "ambulance": {"0": [0, 0], "1": [0, 0]}, 
"medicalFastResponse": {"0": [0, 0], "1": [0, 0]}, "policePatrolCar": {"0": [0, 0, 0], "1": [0, 0, 0]}, 
"trafficPoliceBike": {"0": [0, 0], "1": [0, 0]}}

Scenario 18:
[0, 0, 0, 0, 0, 0, 0, 0, 0, 0, 0, 0, 0, 0, 0, 0, 0, 0, 0, 0, 0, 0, 0, 0, 0, 1, 0, 0, 0, 1, 0, 0, 0, 0, 1, 0]
30.0
{"fireEngineA": {"0": [0, 0, 0, 0, 0], "1": [0, 0]}, "fireEngineB": {"0": [0, 0], "1": [0]}, 
"fireFastResponse": {"0": [0, 0, 0, 0, 0], "1": [0, 0, 0]}, "ambulance": {"0": [0, 0], "1": [0, 0]}, 
"medicalFastResponse": {"0": [0, 0], "1": [0, 1]}, "policePatrolCar": {"0": [0, 0, 0], "1": [1, 0, 0]}, 
"trafficPoliceBike": {"0": [0, 0], "1": [1, 0]}}

Scenario 19:
[0, 0, 0, 0, 0, 0, 0, 0, 0, 0, 0, 0, 0, 0, 0, 0, 0, 0, 0, 0, 0, 0, 0, 0, 0, 0, 0, 0, 0, 0, 0, 1, 0, 0, 0, 0]
10.0
{"fireEngineA": {"0": [0, 0, 0, 0, 0], "1": [0, 0]}, "fireEngineB": {"0": [0, 0], "1": [0]}, 
"fireFastResponse": {"0": [0, 0, 0, 0, 0], "1": [0, 0, 0]}, "ambulance": {"0": [0, 0], "1": [0, 0]}, 
"medicalFastResponse": {"0": [0, 0], "1": [0, 0]}, "policePatrolCar": {"0": [0, 0, 0], "1": [0, 0, 1]}, 
"trafficPoliceBike": {"0": [0, 0], "1": [0, 0]}}

Scenario 20:
[0, 0, 0, 0, 0, 0, 0, 0, 0, 0, 0, 0, 0, 0, 0, 0, 0, 0, 0, 0, 0, 0, 0, 0, 0, 0, 0, 0, 0, 0, 0, 1, 0, 0, 0, 0]
10.0
{"fireEngineA": {"0": [0, 0, 0, 0, 0], "1": [0, 0]}, "fireEngineB": {"0": [0, 0], "1": [0]}, 
"fireFastResponse": {"0": [0, 0, 0, 0, 0], "1": [0, 0, 0]}, "ambulance": {"0": [0, 0], "1": [0, 0]}, 
"medicalFastResponse": {"0": [0, 0], "1": [0, 0]}, "policePatrolCar": {"0": [0, 0, 0], "1": [0, 0, 1]}, 
"trafficPoliceBike": {"0": [0, 0], "1": [0, 0]}}

Scenario 21:
[0, 0, 0, 0, 0, 0, 0, 0, 0, 0, 0, 0, 0, 0, 0, 0, 0, 0, 0, 0, 0, 0, 0, 0, 0, 1, 0, 0, 0, 0, 0, 0, 0, 0, 0, 0]
10.0
{"fireEngineA": {"0": [0, 0, 0, 0, 0], "1": [0, 0]}, "fireEngineB": {"0": [0, 0], "1": [0]}, 
"fireFastResponse": {"0": [0, 0, 0, 0, 0], "1": [0, 0, 0]}, "ambulance": {"0": [0, 0], "1": [0, 0]}, 
"medicalFastResponse": {"0": [0, 0], "1": [0, 1]}, "policePatrolCar": {"0": [0, 0, 0], "1": [0, 0, 0]}, 
"trafficPoliceBike": {"0": [0, 0], "1": [0, 0]}}

Scenario 22:
[0, 0, 0, 0, 0, 0, 0, 0, 0, 0, 0, 0, 0, 0, 0, 0, 0, 0, 0, 0, 0, 0, 0, 0, 0, 0, 0, 0, 1, 0, 0, 0, 0, 0, 0, 0]
10.0
{"fireEngineA": {"0": [0, 0, 0, 0, 0], "1": [0, 0]}, "fireEngineB": {"0": [0, 0], "1": [0]}, 
"fireFastResponse": {"0": [0, 0, 0, 0, 0], "1": [0, 0, 0]}, "ambulance": {"0": [0, 0], "1": [0, 0]}, 
"medicalFastResponse": {"0": [0, 0], "1": [0, 0]}, "policePatrolCar": {"0": [0, 0, 1], "1": [0, 0, 0]}, 
"trafficPoliceBike": {"0": [0, 0], "1": [0, 0]}}

Scenario 23:
[0, 0, 0, 1, 0, 0, 0, 0, 0, 0, 0, 0, 0, 0, 0, 0, 0, 0, 0, 0, 0, 0, 0, 0, 0, 0, 0, 0, 0, 0, 0, 0, 0, 0, 1, 0]
20.0
{"fireEngineA": {"0": [0, 0, 0, 1, 0], "1": [0, 0]}, "fireEngineB": {"0": [0, 0], "1": [0]}, 
"fireFastResponse": {"0": [0, 0, 0, 0, 0], "1": [0, 0, 0]}, "ambulance": {"0": [0, 0], "1": [0, 0]}, 
"medicalFastResponse": {"0": [0, 0], "1": [0, 0]}, "policePatrolCar": {"0": [0, 0, 0], "1": [0, 0, 0]}, 
"trafficPoliceBike": {"0": [0, 0], "1": [1, 0]}}

Scenario 24:
[0, 0, 0, 0, 0, 1, 0, 0, 0, 0, 0, 0, 0, 0, 1, 0, 0, 0, 0, 0, 0, 0, 0, 0, 0, 0, 0, 0, 0, 0, 0, 0, 0, 0, 0, 0]
20.0
{"fireEngineA": {"0": [0, 0, 0, 0, 0], "1": [1, 0]}, "fireEngineB": {"0": [0, 0], "1": [0]}, 
"fireFastResponse": {"0": [0, 0, 0, 0, 1], "1": [0, 0, 0]}, "ambulance": {"0": [0, 0], "1": [0, 0]}, 
"medicalFastResponse": {"0": [0, 0], "1": [0, 0]}, "policePatrolCar": {"0": [0, 0, 0], "1": [0, 0, 0]}, 
"trafficPoliceBike": {"0": [0, 0], "1": [0, 0]}}

Scenario 25:
[0, 0, 0, 0, 0, 0, 0, 0, 0, 0, 0, 0, 0, 0, 0, 0, 0, 0, 0, 0, 0, 0, 0, 0, 0, 0, 0, 0, 0, 0, 0, 0, 0, 0, 1, 1]
0.0
{"fireEngineA": {"0": [0, 0, 0, 0, 0], "1": [0, 0]}, "fireEngineB": {"0": [0, 0], "1": [0]}, 
"fireFastResponse": {"0": [0, 0, 0, 0, 0], "1": [0, 0, 0]}, "ambulance": {"0": [0, 0], "1": [0, 0]}, 
"medicalFastResponse": {"0": [0, 0], "1": [0, 0]}, "policePatrolCar": {"0": [0, 0, 0], "1": [0, 0, 0]}, 
"trafficPoliceBike": {"0": [0, 0], "1": [1, 1]}}

Scenario 26:
[0, 0, 0, 0, 0, 0, 0, 0, 0, 0, 0, 0, 0, 0, 0, 0, 0, 0, 0, 0, 0, 0, 0, 0, 0, 0, 0, 0, 0, 0, 1, 0, 0, 0, 0, 0]
10.0
{"fireEngineA": {"0": [0, 0, 0, 0, 0], "1": [0, 0]}, "fireEngineB": {"0": [0, 0], "1": [0]}, 
"fireFastResponse": {"0": [0, 0, 0, 0, 0], "1": [0, 0, 0]}, "ambulance": {"0": [0, 0], "1": [0, 0]}, 
"medicalFastResponse": {"0": [0, 0], "1": [0, 0]}, "policePatrolCar": {"0": [0, 0, 0], "1": [0, 1, 0]}, 
"trafficPoliceBike": {"0": [0, 0], "1": [0, 0]}}

Scenario 27:
[0, 0, 0, 0, 0, 0, 0, 0, 0, 0, 0, 0, 0, 0, 0, 0, 0, 0, 0, 0, 0, 0, 0, 0, 0, 0, 0, 0, 0, 0, 0, 1, 0, 0, 0, 0]
10.0
{"fireEngineA": {"0": [0, 0, 0, 0, 0], "1": [0, 0]}, "fireEngineB": {"0": [0, 0], "1": [0]}, 
"fireFastResponse": {"0": [0, 0, 0, 0, 0], "1": [0, 0, 0]}, "ambulance": {"0": [0, 0], "1": [0, 0]}, 
"medicalFastResponse": {"0": [0, 0], "1": [0, 0]}, "policePatrolCar": {"0": [0, 0, 0], "1": [0, 0, 1]}, 
"trafficPoliceBike": {"0": [0, 0], "1": [0, 0]}}

Scenario 28:
[0, 0, 0, 0, 0, 0, 0, 0, 0, 0, 0, 0, 0, 0, 0, 0, 0, 0, 0, 0, 0, 0, 0, 0, 0, 0, 0, 0, 0, 0, 0, 1, 0, 0, 0, 0]
10.0
{"fireEngineA": {"0": [0, 0, 0, 0, 0], "1": [0, 0]}, "fireEngineB": {"0": [0, 0], "1": [0]}, 
"fireFastResponse": {"0": [0, 0, 0, 0, 0], "1": [0, 0, 0]}, "ambulance": {"0": [0, 0], "1": [0, 0]}, 
"medicalFastResponse": {"0": [0, 0], "1": [0, 0]}, "policePatrolCar": {"0": [0, 0, 0], "1": [0, 0, 1]}, 
"trafficPoliceBike": {"0": [0, 0], "1": [0, 0]}}

Scenario 29:
[0, 0, 0, 0, 0, 0, 0, 0, 0, 0, 0, 0, 0, 0, 0, 1, 0, 0, 0, 0, 0, 0, 0, 0, 0, 0, 0, 0, 0, 0, 0, 0, 0, 0, 0, 0]
10.0
{"fireEngineA": {"0": [0, 0, 0, 0, 0], "1": [0, 0]}, "fireEngineB": {"0": [0, 0], "1": [0]}, 
"fireFastResponse": {"0": [0, 0, 0, 0, 0], "1": [1, 0, 0]}, "ambulance": {"0": [0, 0], "1": [0, 0]}, 
"medicalFastResponse": {"0": [0, 0], "1": [0, 0]}, "policePatrolCar": {"0": [0, 0, 0], "1": [0, 0, 0]}, 
"trafficPoliceBike": {"0": [0, 0], "1": [0, 0]}}
